-8	-7	-6	-5	-4	-3	-2	-1	0	1	2	3	4	5	6	7	8	LOW	UPP	SMAR	ANG	LEN
----------------------------------------------------------------------------------------------------------------------------------------------------------------------------------------------------------
F20+200	****	****	****	95	99	88	67	38	0	-46	-92	-141	-191	-234	****	****	****	-681	770	585	101	1475
----------------------------------------------------------------------------------------------------------------------------------------------------------------------------------------------------------
F21	****	****	****	79	84	75	58	33	0	-39	-79	-120	-163 	-199	****	****	****	-701	775	600	101	1492
----------------------------------------------------------------------------------------------------------------------------------------------------------------------------------------------------------
F22	****	****	****	56	63	57	45	25	0	-30	-60	-90	-121	-147	****	****	****	-729	782	622	101	1521
----------------------------------------------------------------------------------------------------------------------------------------------------------------------------------------------------------
F23	****	****	****	32	40	39	31	18	0	-20	-41	-61	-80	-96	****	****	****	-757	792	640	101	1553
----------------------------------------------------------------------------------------------------------------------------------------------------------------------------------------------------------
F24	****	****	****	5	17	20	17	10	0	-12	-24	-34	-42	-49	****	****	****	-782	805	651	102	1587
----------------------------------------------------------------------------------------------------------------------------------------------------------------------------------------------------------
F25	****	****	-48	-22	-8	0	3	2	0	-4	-7	-9	-8	-6	0	****	****	-803	820	657	102	1624
----------------------------------------------------------------------------------------------------------------------------------------------------------------------------------------------------------
F26	****	****	-79	-51	-32	-20	-11	-5	0	3	8	15	23	34	47	****	****	-822	839	656	102	1663
----------------------------------------------------------------------------------------------------------------------------------------------------------------------------------------------------------
F27	****	****	-112	-80	-57	-38	-24	-11	0	12	23	36	52	70	88	****	****	-838	860	651	103	1704
----------------------------------------------------------------------------------------------------------------------------------------------------------------------------------------------------------
F28	****	****	-146	-110	-81	-57	-36	-18	0	19	36	55	78	103	125	****	****	-850	884	639	103	1746
----------------------------------------------------------------------------------------------------------------------------------------------------------------------------------------------------------
F29	****	****	-181	-139	-105	-75	-47	-24	0	26	49	72	102	132	159	****	****	-859	911	622	104	1789
----------------------------------------------------------------------------------------------------------------------------------------------------------------------------------------------------------
F30	****	****	-215	-168	-129	-93	-59	-29	0	31	60	88	123	158	189	****	****	-864	942	600	104	1832
----------------------------------------------------------------------------------------------------------------------------------------------------------------------------------------------------------
F30+200	****	****	-225	-176	-135	-97	-62	-31	0	33	63	93	128	164	197	****	****	-865	951	593	104	1846
----------------------------------------------------------------------------------------------------------------------------------------------------------------------------------------------------------

FRAME NO:	20.3	21.0	22.0	23.0	24.0	25.0	26.0	27.0	28.0	29.0	30.0	30.3
HEIGHT:	1.630	1.640	1.653	1.664	1.672	1.678	1.680	1.679	1.675	1.667	1.656	1.653
WIDTH:	2.466	2.586	2.753	2.923	3.097	3.276	3.460	3.649	3.843	4.042	4.246	4.305
LONGITUDINAL BENDING HEIGHT AT F25 = 67
